date;montant;difference
;0;
20-sept-23;25000;25000
21-sept-23;32000;7000
22-sept-23;31000;-1000
23-sept-23;28000;-3000
24-sept-23;30000;2000
25-sept-23;21000;-9000
26-sept-23;50000;29000
27-sept-23;47000;-3000
28-sept-23;45000;-2000
29-sept-23;51000;6000
30-sept-23;60000;9000
